City ID,City,Country,Lat,Lng,Temperature,Humidity,Clouds,Wind Speed
2122104,Petropavlovsk-Kamchatskiy,RU,53.0452,158.6483,14.0,79,20,8.95
3831208,Qaanaaq,GL,77.484,-69.3632,6.82,72,0,5.37
3366880,Hermanus,ZA,-34.4187,19.2345,82.0,50,0,10.0
4031574,Provideniya,RU,64.3833,-173.3,-11.42,79,0,9.15
1486321,Yar-Sale,RU,66.8333,70.8333,-14.62,89,0,6.31
4034551,Faanui,PF,-16.4833,-151.75,82.15,72,5,10.83
5106841,Albany,US,42.6001,-73.9662,33.01,75,100,4.0
5122534,Jamestown,US,42.097,-79.2353,36.82,91,90,16.87
2208248,Kaitangata,NZ,-46.2817,169.8464,56.79,96,100,6.06
2029156,Sühbaatar,MN,50.2314,106.2078,0.32,85,100,3.15
2075265,Busselton,AU,-33.65,115.3333,67.69,73,100,1.01
3393536,Olinda,BR,-8.0089,-34.8553,80.6,69,75,9.22
3833367,Ushuaia,AR,-54.8,-68.3,53.6,82,0,2.3
4030556,Rikitea,PF,-23.1203,-134.9692,77.41,81,100,21.54
5855927,Hilo,US,19.7297,-155.09,64.49,88,90,4.61
1267390,Kavaratti,IN,10.5669,72.642,83.05,70,0,10.16
1529376,Korla,CN,41.7597,86.1469,32.25,76,100,11.79
4032243,Vaini,TO,-21.2,-175.2,68.0,94,75,3.29
2012780,Zabaykal'sk,RU,49.6333,117.3167,3.11,89,0,17.69
5848280,Kapaa,US,22.0752,-159.319,72.61,73,75,16.11
3448903,São João da Barra,BR,-21.6403,-41.0511,82.4,65,75,11.5
3430863,Mar del Plata,AR,-38.0023,-57.5575,72.64,88,49,5.75
6201424,Mataura,NZ,-46.1927,168.8643,55.99,96,100,1.99
2173911,Broken Hill,AU,-31.95,141.4333,77.0,22,88,3.44
5554428,Ketchikan,US,55.3422,-131.6461,33.89,93,100,5.44
2139521,Noumea,NC,-22.2763,166.4572,71.6,73,0,4.61
6089245,Norman Wells,CA,65.282,-126.8329,-25.6,75,75,4.61
5563839,Fortuna,US,40.5982,-124.1573,43.54,81,90,10.36
2018735,Nyurba,RU,63.2842,118.3319,-15.95,88,100,4.92
933759,Ghanzi,BW,-21.5667,21.7833,82.06,44,35,10.18
2163355,Hobart,AU,-42.8794,147.3294,56.16,72,75,8.05
3899695,Ancud,CL,-41.8697,-73.8203,53.56,100,90,3.44
3521108,Progreso,MX,21.2833,-89.6667,71.29,94,1,13.8
1540711,Muravlenko,RU,63.7898,74.523,-9.94,91,92,6.55
4035715,Avarua,CK,-21.2078,-159.775,78.8,83,85,11.5
1786770,Yibin,CN,28.7667,104.6238,57.34,59,100,5.66
2090021,Namatanai,PG,-3.6667,152.4333,80.8,79,100,6.53
6185377,Yellowknife,CA,62.456,-114.3525,-27.13,75,40,8.05
2159220,Mackay,AU,-21.15,149.2,80.24,78,75,13.8
1067565,Beloha,MG,-25.1667,45.05,83.26,70,56,12.03
3369157,Cape Town,ZA,-33.9258,18.4232,83.59,37,0,20.71
2155415,New Norfolk,AU,-42.7826,147.0587,54.16,70,100,0.74
3840300,Presidencia Roque Sáenz Peña,AR,-26.7852,-60.4388,86.0,59,0,5.99
2110227,Butaritari,KI,3.0707,172.7902,80.89,79,100,16.91
3874787,Punta Arenas,CL,-53.15,-70.9167,51.4,76,0,9.22
240210,Birao,CF,10.2849,22.7882,99.99,9,44,7.43
2074865,Carnarvon,AU,-24.8667,113.6333,77.0,83,0,14.97
1803245,Lishui,CN,28.4604,119.9103,52.09,83,99,1.86
3703938,Natá,PA,8.3333,-80.5167,75.2,88,40,14.85
1002145,George,ZA,-33.963,22.4617,73.4,64,40,14.97
3395981,Maceió,BR,-9.6658,-35.7353,82.4,69,75,9.22
5870133,Nome,US,64.5011,-165.4064,-2.2,65,1,13.8
1735106,George Town,MY,5.4112,100.3354,83.25,65,20,10.36
751816,Artvin Province,TR,41.1667,41.8333,50.0,53,0,5.75
2206939,Bluff,NZ,-46.6,168.3333,55.99,96,100,1.99
4006081,Galeana,MX,24.8333,-100.0667,57.45,69,100,6.91
3421719,Narsaq,GL,60.9167,-46.05,26.6,50,40,19.57
5993072,Kitimat,CA,54.0524,-128.6534,27.0,95,100,2.75
1512223,Abalak,RU,58.1286,68.5944,-7.31,91,94,7.56
287832,Ibrā’,OM,22.6906,58.5334,89.78,16,0,12.8
2016216,Sosnovo-Ozerskoye,RU,52.5249,111.5418,-11.49,84,0,10.78
2121385,Severo-Kuril'sk,RU,50.6789,156.125,25.2,95,100,33.17
2455290,Kidal,ML,18.4411,1.4078,88.45,10,0,11.27
2381972,Adrar,MR,20.5022,-10.0711,73.6,20,0,8.81
3843123,Neuquén,AR,-38.9516,-68.0591,68.0,68,0,2.3
3451138,Rio Grande,BR,-32.035,-52.0986,77.0,69,40,4.61
2015306,Tiksi,RU,71.6872,128.8694,-24.81,87,49,2.37
2246901,Oussouye,SN,12.485,-16.5469,85.96,24,0,16.11
5880054,Barrow,US,71.2906,-156.7887,-18.4,76,90,2.21
1865412,Kariya,JP,34.75,134.4,37.33,65,75,9.22
1058381,Morondava,MG,-20.2833,44.2833,81.59,83,100,14.36
3460355,Jaciara,BR,-15.9653,-54.9683,78.71,80,24,3.65
3347019,Mossamedes,AO,-15.1961,12.1522,78.87,58,25,13.76
3896774,Carahue,CL,-38.7,-73.1667,51.8,100,90,5.75
2501152,Constantine,DZ,36.365,6.6147,50.0,93,75,3.44
2122090,Pevek,RU,69.7008,170.3133,-26.91,86,0,3.83
6620339,Karratha,AU,-20.7377,116.8463,83.25,67,0,18.61
293842,Kiryat Gat,IL,31.61,34.7642,70.0,47,0,1.01
2035754,Mingyue,CN,43.1069,128.9217,19.85,93,86,2.93
3392126,Pilar,BR,-9.5972,-35.9567,82.4,69,75,9.22
2022572,Khatanga,RU,71.9667,102.5,-33.16,79,50,1.23
6078372,Moose Factory,CA,51.2585,-80.6094,5.86,72,90,18.41
3418910,Upernavik,GL,72.7868,-56.1549,14.74,95,100,11.95
1507873,Chik,RU,54.9928,82.4311,-9.4,70,0,6.71
2171099,Codrington,AU,-38.2667,141.9667,54.14,90,0,4.36
913323,Kaoma,ZM,-14.7833,24.8,74.21,80,100,7.83
145034,Abhar,IR,36.1468,49.218,45.34,52,0,7.65
5859699,College,US,64.8569,-147.8028,11.82,73,90,10.36
3435810,Campana,AR,-34.1687,-58.9591,75.54,73,0,14.97
2386756,Gamboula,CF,4.1178,15.1393,100.78,15,1,5.55
2181625,Te Anau,NZ,-45.4167,167.7167,55.33,91,66,0.76
5836068,Rawlins,US,41.7911,-107.2387,17.6,67,75,23.02
2175819,Biloela,AU,-24.4167,150.5,75.11,77,99,6.02
6148373,Sioux Lookout,CA,50.1001,-91.917,-4.0,77,40,4.61
2126123,Chokurdakh,RU,70.6333,147.9167,-24.07,88,87,1.5
1651810,Airai,TL,-8.9266,125.4092,61.02,100,100,1.41
934322,Mahébourg,MU,-20.4081,57.7,84.2,65,40,9.22
7117100,Vila,PT,42.0304,-8.1588,63.0,59,96,5.01
1517637,Ushtobe,KZ,45.2514,77.9838,19.0,91,100,7.56
2374583,Bubaque,GW,11.2833,-15.8333,78.89,46,0,8.1
2027296,Aykhal,RU,66.0,111.5,-33.92,81,45,4.14
3443061,Chui,UY,-33.6971,-53.4616,76.41,68,60,11.05
5546220,Saint George,US,37.1041,-113.5841,42.37,33,1,18.41
2126710,Beringovskiy,RU,63.05,179.3167,-22.16,81,2,12.59
566950,Davydovo,RU,55.6097,38.8569,32.61,69,0,11.18
2136825,Isangel,VU,-19.55,169.2667,75.2,94,20,9.75
2137773,Vao,NC,-22.6667,167.4833,77.29,74,100,16.49
2109528,Buala,SB,-8.145,159.5921,76.75,90,100,17.25
3361934,Saldanha,ZA,-33.0117,17.9442,91.4,27,0,9.22
1272864,Dhārchula,IN,29.85,80.5333,61.23,45,100,3.85
4174715,Tallahassee,US,30.4383,-84.2807,60.75,100,90,2.84
2425791,Kibala,TD,9.1104,18.3463,102.2,10,0,6.91
3985710,Cabo San Lucas,MX,22.8909,-109.9124,59.0,71,71,1.99
2264557,Ponta do Sol,PT,32.6667,-17.1,58.53,59,40,11.5
4036284,Alofi,NU,-19.0595,-169.9187,77.0,83,100,10.36
5866583,Saint Paul Harbor,US,57.79,-152.4072,33.8,86,90,2.84
2354176,Tougan,BF,13.0667,-3.0667,95.14,9,32,8.37
6537892,Capoterra,IT,39.1763,8.9718,53.6,87,75,8.05
1649150,Bengkulu,ID,-3.8004,102.2655,80.49,79,100,5.46
3663503,Manicoré,BR,-5.8092,-61.3003,75.9,93,95,0.96
6165406,Thompson,CA,55.7435,-97.8558,-32.8,68,1,3.44
3372707,Ribeira Grande,PT,38.5167,-28.7,62.6,94,20,11.5
4303012,Okolona,US,38.1412,-85.6877,47.5,93,90,11.5
2028164,Deputatsky,RU,69.3,139.9,-33.75,86,61,1.03
2725123,Arvika,SE,59.6553,12.5852,43.43,57,100,4.61
6170031,Tuktoyaktuk,CA,69.4541,-133.0374,-26.46,86,100,6.93
3471451,Arraial do Cabo,BR,-22.9661,-42.0278,84.2,65,40,18.41
3652764,Puerto Ayora,EC,-0.7393,-90.3518,75.99,95,51,1.01
6945979,Lillooet,CA,50.6856,-121.942,27.1,93,90,5.75
4513583,Hamilton,US,39.1834,-84.5333,45.57,100,90,5.28
5110365,Broome,US,42.2506,-75.833,33.24,86,90,11.5
2561668,Santa Cruz,MA,30.4202,-9.5982,68.0,45,20,3.44
3893726,Constitución,CL,-35.3333,-72.4167,66.15,60,0,7.31
556268,Ostrovnoy,RU,68.0531,39.5131,29.43,98,100,9.53
3374083,Bathsheba,BB,13.2167,-59.5167,80.6,61,20,21.85
1006984,East London,ZA,-33.0153,27.9116,68.0,94,75,12.66
3832899,Viedma,AR,-40.8135,-62.9967,86.18,20,0,13.73
2132606,Samarai,PG,-10.6167,150.6667,82.24,78,100,8.23
763107,Gmina Opole Lubelskie,PL,51.1478,21.969,44.85,65,75,13.8
1282256,Hithadhoo,MV,-0.6,73.0833,83.32,65,64,9.26
1337607,Kudahuvadhoo,MV,2.6708,72.8944,82.47,69,100,11.01
563990,Dvinskoy,RU,62.1535,45.1175,6.53,92,100,1.79
3761194,Miraflores,MX,19.2167,-98.8083,53.6,40,1,3.44
779622,Havøysund,NO,70.9963,24.6622,32.92,75,75,9.22
1529484,Kumul,CN,42.8,93.45,30.42,72,90,3.76
2141722,Bouloupari,NC,-21.8667,166.05,71.6,73,0,4.61
2512186,Puerto del Rosario,ES,28.5004,-13.8627,68.0,42,20,19.57
5975004,High Level,CA,58.5169,-117.136,-22.0,76,75,1.45
2119538,Yelizovo,RU,53.1873,158.3805,14.0,79,20,8.95
541349,Krasnyy Yar,RU,46.5331,48.3456,41.0,93,90,17.9
1015776,Bredasdorp,ZA,-34.5322,20.0403,80.6,41,0,19.57
4020109,Atuona,PF,-9.8,-139.0333,79.21,81,5,14.58
463343,Zheleznogorsk,RU,52.331,35.3711,34.14,99,100,9.66
105298,Jizan,SA,17.3333,42.6667,87.8,62,40,11.5
3466704,Castro,BR,-24.7911,-50.0119,68.83,80,39,10.36
535711,Lesnoye,RU,58.2841,35.5158,32.86,95,100,6.98
3412093,Vestmannaeyjar,IS,63.4427,-20.2734,46.4,93,90,34.52
5364271,Laguna,US,38.421,-121.4238,45.39,46,1,12.66
5972762,Hay River,CA,60.8156,-115.7999,-23.78,76,64,6.91
2017155,Saskylakh,RU,71.9167,114.0833,-19.37,78,100,0.51
1608033,Pak Phanang,TH,8.3511,100.202,82.4,74,20,3.44
1490256,Talnakh,RU,69.4865,88.3972,-29.58,81,0,3.53
546105,Nikolskoye,RU,59.7035,30.7861,34.84,87,90,13.42
5742726,Newberg,US,45.3001,-122.9732,38.35,81,90,5.75
1507390,Dikson,RU,73.5069,80.5464,-12.44,89,100,17.22
2125693,Evensk,RU,61.95,159.2333,-6.05,76,0,11.77
3423146,Ilulissat,GL,69.2167,-51.1,15.8,79,75,12.66
3421982,Maniitsoq,GL,65.4167,-52.9,16.36,95,96,8.81
3931656,Pucara,PE,-15.9803,-71.4606,60.8,59,0,2.3
3455580,Padre Bernardo,BR,-15.35,-48.5,71.01,91,94,4.76
1734971,Pekan,MY,3.4836,103.3996,82.2,78,20,3.44
1528998,Yumen,CN,40.2833,97.2,28.62,62,100,16.51
2126199,Cherskiy,RU,68.75,161.3,-30.01,85,19,0.63
10722858,Forsytheganj,BY,52.6333,29.7333,35.49,97,100,11.36
336496,Gimbi,ET,9.1667,35.8333,82.94,24,60,0.67
2510573,Teguise,ES,29.0605,-13.564,66.2,45,20,13.8
3515040,Tulum,MX,20.2167,-87.4667,71.6,94,20,8.37
2112802,Hasaki,JP,35.7333,140.8333,34.88,60,20,3.44
3420846,Qaqortoq,GL,60.7167,-46.0333,26.6,50,40,19.57
3977811,Minas de Barroterán,MX,27.6333,-101.2833,58.14,96,100,2.44
2616672,Munkebo,DK,55.4618,10.5558,46.4,87,75,11.5
1250161,Batticaloa,LK,7.7102,81.6924,79.75,78,0,8.77
3424607,Tasiilaq,GL,65.6145,-37.6368,32.0,100,75,43.73
1694369,Patnanungan,PH,14.7833,122.1833,80.19,82,0,8.97
157429,Kilindoni,TZ,-7.9139,39.6668,83.21,76,100,8.16
605155,Kiruna,SE,67.8557,20.2251,30.2,86,90,18.41
3108125,Teruel,ES,40.6667,-0.6667,56.28,71,0,8.05
3533462,Acapulco de Juárez,MX,16.8634,-99.8901,72.97,67,0,4.83
3450083,Santa Maria,BR,-29.6842,-53.8069,73.4,83,20,11.5
2299625,Kintampo,GH,8.0563,-1.7306,106.95,17,32,1.14
1106677,Bambous Virieux,MU,-20.3428,57.7575,84.11,65,40,9.22
2038067,Chifeng,CN,42.2683,118.9636,38.77,67,100,6.67
3380290,Sinnamary,GF,5.3833,-52.95,79.29,81,48,15.99
87205,Darnah,LY,32.767,22.6367,60.31,65,0,11.36
1510842,Barsovo,RU,61.1667,73.1667,-9.4,77,0,2.24
5364022,La Palma,US,33.8464,-118.0467,50.74,66,75,3.44
6355222,Yulara,AU,-25.2406,130.9889,86.0,15,0,6.91
608270,Shubarshi,KZ,48.5872,57.1869,31.37,99,100,16.73
4529469,Ardmore,US,34.1743,-97.1436,48.24,100,90,6.91
5847411,Kahului,US,20.8947,-156.47,66.69,83,75,12.66
4021858,Guerrero Negro,MX,27.9769,-114.0611,56.16,79,100,11.36
2122605,Okhotsk,RU,59.3833,143.3,-7.87,84,0,4.09
4013679,Coahuayana Viejo,MX,18.7333,-103.6833,69.57,34,59,2.71
2242885,Camabatela,AO,-8.1881,15.375,79.05,62,62,3.78
2269514,Castelo Branco,PT,39.8222,-7.4909,63.0,60,100,6.89
3995171,Naco,MX,31.3347,-109.9483,38.66,22,82,3.0
2614553,Rønne,DK,55.1009,14.7066,42.8,70,0,6.91
2773848,Köflach,AT,47.0667,15.0833,52.3,54,20,5.75
1790437,Zhuhai,CN,22.2769,113.5678,64.27,82,40,10.36
1487599,Verkh-Chebula,RU,56.0308,87.6218,-9.47,88,99,7.61
324172,Alaşehir,TR,38.3508,28.5172,57.0,10,0,58.0
3386213,Touros,BR,-5.1989,-35.4608,82.4,74,40,9.22
3397763,Jacareacanga,BR,-6.2222,-57.7528,75.99,94,100,2.73
2513029,Paiporta,ES,39.4333,-0.4167,61.74,59,20,6.91
709075,Partenit,UA,44.578,34.3446,53.01,52,0,5.01
2396518,Port-Gentil,GA,-0.7193,8.7815,87.8,70,20,10.36
2037485,Erenhot,CN,43.6475,111.9767,26.4,98,100,13.4
2514651,Los Llanos de Aridane,ES,28.6585,-17.9182,58.57,72,75,18.41
3580477,West Bay,KY,19.3667,-81.4167,77.95,83,20,8.05
3466980,Caravelas,BR,-17.7125,-39.2481,78.78,82,98,7.14
935221,Saint-Paul,RE,-21.0096,55.2707,75.49,84,38,1.01
726629,Sungurlare,BG,42.7667,26.7833,65.55,48,1,4.61
3883457,Lebu,CL,-37.6167,-73.65,58.84,83,13,18.41
3407357,Araguaína,BR,-7.1911,-48.2072,79.72,78,76,2.15
292968,Abu Dhabi,AE,24.4667,54.3667,73.4,53,20,11.5
2220853,Yokadouma,CM,3.5167,15.05,97.32,20,78,2.39
3652257,Rosa Zarate,EC,0.3333,-79.4667,75.38,87,42,1.25
2070998,Geraldton,AU,-28.7667,114.6,71.6,78,55,12.66
3466165,Cidreira,BR,-30.1811,-50.2056,76.68,73,21,14.67
150453,Rujewa,TZ,-8.7,34.3833,78.1,66,100,3.29
1819729,Hong Kong,HK,22.2855,114.1577,62.96,81,100,5.46
3839307,Rawson,AR,-43.3002,-65.1023,75.02,54,0,10.76
2986301,Arrondissement de Pontarlier,FR,46.8333,6.25,44.65,60,75,18.99
6149996,Smithers,CA,54.7804,-127.1743,14.0,92,1,2.3
986717,Kruisfontein,ZA,-34.0033,24.7314,72.0,81,79,8.99
3932145,Pisco,PE,-13.7,-76.2167,70.74,88,40,3.44
553766,Kamenka,RU,51.3223,42.7678,37.0,85,100,1.01
2079582,Alyangula,AU,-13.8483,136.4192,80.6,94,75,6.53
3686907,Cerrito,CO,6.8432,-72.694,68.0,83,40,4.61
2156643,Mount Gambier,AU,-37.8333,140.7667,51.8,87,2,5.75
2012530,Zhigansk,RU,66.7697,123.3711,-30.14,83,100,9.53
921906,Domoni,KM,-12.2569,44.5319,84.38,68,100,7.87
2032614,Baruun-Urt,MN,46.6806,113.2792,5.72,90,100,7.38
548622,Kinel’-Cherkassy,RU,53.4706,51.4743,32.92,97,100,10.11
2638534,Sandwick,GB,60.0,-1.25,48.2,87,20,20.71
1509844,Boguchany,RU,58.3814,97.4531,-10.28,88,100,4.23
5394329,Selma,US,36.5708,-119.6121,45.93,66,40,16.11
6096551,Pangnirtung,CA,66.1451,-65.7125,-22.02,81,100,0.92
1734313,Paka,MY,4.6374,103.4368,78.8,89,0,2.3
964432,Port Alfred,ZA,-33.5906,26.891,71.01,84,87,5.01
2377457,Nouadhibou,MR,20.931,-17.0347,69.8,40,0,21.85
1633419,Padang,ID,-0.9492,100.3543,78.8,78,20,1.14
3442727,Durazno,UY,-33.4131,-56.5006,71.6,83,20,12.66
3460825,Itamarandiba,BR,-17.8572,-42.8589,72.3,70,100,3.15
1614465,Ban Phaeo,TH,13.5907,100.1075,80.22,39,88,11.27
2172880,Byron Bay,AU,-28.65,153.6167,74.97,83,84,5.75
5972291,Havre-St-Pierre,CA,50.2334,-63.5986,14.0,79,75,5.75
3421765,Nanortalik,GL,60.1432,-45.2371,25.43,92,78,37.83
2194098,Ahipara,NZ,-35.1667,173.1667,61.39,88,1,4.56
5367788,Lompoc,US,34.6391,-120.4579,41.88,100,1,11.14
1650064,Barabai,ID,-2.5833,115.3833,75.67,90,85,2.77
1515029,Ulaangom,MN,49.9811,92.0667,-8.72,82,3,3.6
5282297,Bethel,US,41.3712,-73.414,34.03,87,90,7.85
2092164,Lorengau,PG,-2.0226,147.2712,82.54,82,39,9.64
3416888,Grindavik,IS,63.8424,-22.4338,44.6,81,75,32.21
1262395,Murwāra,IN,23.85,80.4,81.14,16,0,3.91
487928,Novikovo,RU,51.1537,37.8879,35.83,88,99,12.66
1263776,Mangan,IN,27.5167,88.5333,60.37,52,66,1.39
2065594,Mount Isa,AU,-20.7333,139.5,80.6,32,40,1.14
3355672,Lüderitz,NA,-26.6481,15.1594,70.93,64,2,10.65
2986626,Plouzané,FR,48.3833,-4.6167,51.8,62,0,13.8
1562414,Vung Tau,VN,10.346,107.0843,76.35,83,0,15.03
5882953,Aklavik,CA,68.2191,-135.0107,-31.85,68,6,4.61
359783,Assiut,EG,27.181,31.1837,71.6,35,0,16.11
296852,Erzin,TR,36.9559,36.2,64.99,51,0,3.2
2618795,Klaksvík,FO,62.2266,-6.589,46.4,87,75,16.11
1489398,Topchikha,RU,52.8192,83.1185,-5.8,65,0,4.47
2121025,Srednekolymsk,RU,67.45,153.6833,-28.84,85,83,2.44
777019,Vardø,NO,70.3705,31.1107,32.0,80,40,16.11
1244926,Hambantota,LK,6.1241,81.1185,84.2,84,40,8.05
2208425,Zuwārah,LY,32.9312,12.082,59.92,61,0,6.91
1513491,Yangi Marg`ilon,UZ,40.4272,71.7189,32.0,51,40,9.22
1797117,Rongcheng,CN,30.634,117.8517,47.5,88,48,2.95
2346995,Biu,NG,10.6129,12.1946,94.19,10,76,8.99
1497142,Novobiryusinskiy,RU,56.9578,97.7076,-8.23,90,100,3.96
6316343,Alta Floresta,BR,-9.8756,-56.0861,72.07,98,100,4.16
5919850,Chapais,CA,49.7834,-74.8492,17.6,73,75,10.36
6100069,Peace River,CA,56.2501,-117.286,-9.47,77,20,11.5
2426370,Umm Hājar,TD,13.2954,19.6966,99.25,9,40,6.55
1714733,Dingle,PH,10.9995,122.6711,77.31,86,96,5.95
143073,Ardakān,IR,32.31,54.0175,51.8,43,40,9.22
3471522,Arinos,BR,-15.9169,-46.1056,69.17,95,100,1.1
935214,Saint-Pierre,RE,-21.3393,55.4781,82.58,62,40,8.05
962367,Richards Bay,ZA,-28.783,32.0377,77.61,60,5,7.31
2965353,Clonmel,IE,52.355,-7.7039,52.36,72,75,1.01
2206874,Waipawa,NZ,-41.4122,175.5153,62.4,72,75,11.5
2094342,Kavieng,PG,-2.5744,150.7967,83.34,77,82,9.66
286621,Salalah,OM,17.0151,54.0924,84.2,61,0,11.5
780687,Berlevåg,NO,70.8578,29.0864,32.22,93,98,8.7
3576994,Cockburn Town,TC,21.4612,-71.1419,77.0,69,40,20.71
6113406,Prince Rupert,CA,54.3161,-130.3201,37.27,87,90,8.05
3373652,Oistins,BB,13.0667,-59.5333,80.6,61,20,21.85
1568574,Qui Nhon,VN,13.7667,109.2333,74.35,88,0,1.23
1633070,Palembang,ID,-2.9167,104.7458,84.2,79,20,3.44
3369174,Calvinia,ZA,-31.4707,19.776,89.92,12,0,1.01
2450173,Taoudenni,ML,22.6783,-3.9836,83.44,13,0,3.89
2026160,Borogontsy,RU,62.6683,131.1683,-19.14,86,100,5.53
371745,Kutum,SD,14.2,24.6667,87.93,12,0,4.25
2088163,Popondetta,PG,-8.7537,148.2534,75.92,92,100,3.65
1650232,Banjar,ID,-8.19,114.9675,78.8,83,40,6.91
1637001,Biak,ID,-0.9131,122.8766,78.21,80,20,4.5
4224413,Statesboro,US,32.4488,-81.7832,51.03,93,1,4.18
4031637,Lavrentiya,RU,65.5833,-171.0,-21.42,82,0,9.69
2270385,Camacha,PT,33.0833,-16.3333,62.6,67,40,23.02
1636022,Martapura,ID,-3.4167,114.85,82.4,83,0,4.61
485064,Syumsi,RU,57.1111,51.6149,12.67,95,100,9.51
933995,Souillac,MU,-20.5167,57.5167,84.2,65,40,9.22
1277949,Badvel,IN,14.75,79.05,91.4,33,0,10.36
2013465,Verkhoyansk,RU,67.5447,133.385,-33.54,81,0,1.32
3452327,Presidente Olegário,BR,-18.4178,-46.4181,68.0,100,100,1.01
4944903,Nantucket,US,41.2835,-70.0995,37.67,75,90,17.27
3674702,Miranda,CO,3.2499,-76.2281,68.0,100,75,4.61
519168,Novki,RU,56.3608,41.0775,15.87,95,100,8.55
2025256,Chumikan,RU,54.7183,135.315,3.09,93,100,19.57
1263752,Māngrol,IN,21.1167,70.1167,79.66,65,0,17.74
1106643,Quatre Cocos,MU,-20.2078,57.7625,84.09,65,40,9.22
2191562,Dunedin,NZ,-45.8742,170.5036,58.55,91,92,4.0
5711847,Astoria,US,46.1879,-123.8313,43.45,75,90,8.05
544084,Koslan,RU,63.4564,48.8989,3.33,93,99,3.98
1337605,Mahibadhoo,MV,3.7833,72.9667,82.13,70,59,10.87
1178456,Ghotki,PK,28.006,69.3161,84.2,34,0,4.61
1226260,Trincomalee,LK,8.5711,81.2335,80.17,73,0,10.78
4031742,Egvekinot,RU,66.3167,-179.1667,-20.69,83,0,12.97
2521710,Antequera,ES,37.0194,-4.5612,61.52,67,40,6.91
2077895,Alice Springs,AU,-23.7,133.8833,78.8,15,0,5.75
2643044,Margate,GB,51.3813,1.3862,49.84,67,0,3.0
3452640,Porto Seguro,BR,-16.4497,-39.0647,84.2,65,75,8.05
3680090,Juradó,CO,7.1053,-77.7641,77.67,88,75,6.2
1527497,Kyzyl-Suu,KG,42.3414,78.0056,21.16,88,100,6.22
3665202,Aripuanã,BR,-9.1667,-60.6333,75.49,94,100,0.69
1651531,Ambon City,ID,-3.6954,128.1814,78.8,89,40,8.05
368246,Raja,SS,8.4596,25.678,100.33,10,0,6.04
1254046,Tura,IN,25.5198,90.2201,71.96,32,0,3.87
2180815,Tuatapere,NZ,-46.1333,167.6833,55.99,96,100,1.99
359792,Aswān,EG,24.0934,32.907,81.1,14,0,11.32
3893656,Copiapó,CL,-27.3667,-70.3333,60.8,88,0,10.36
3894426,Coyhaique,CL,-45.5752,-72.0662,58.15,83,100,2.57
2620046,Holstebro,DK,56.3601,8.6161,50.74,66,29,11.5
1259385,Port Blair,IN,11.6667,92.75,79.39,58,0,3.71
1792087,Yinzhu,CN,35.8786,119.9753,46.4,71,75,8.95
1272502,Diu,IN,20.7141,70.9822,82.89,50,0,14.63
235751,Chitipa,MW,-9.7024,33.2697,75.7,68,60,2.73
3382160,Cayenne,GF,4.9333,-52.3333,82.4,74,75,13.8
3441575,Montevideo,UY,-34.8335,-56.1674,75.13,73,75,9.22
2016307,Solnechnyy,RU,50.7214,136.6319,8.69,90,100,9.75
935215,Saint-Philippe,RE,-21.3585,55.7679,81.45,62,40,8.05
104515,Makkah al Mukarramah,SA,21.4267,39.8261,82.58,48,53,19.08
1791636,Weinan,CN,34.5036,109.5089,42.58,93,90,6.71
2033766,Xingcheng,CN,40.6167,120.7167,35.26,80,6,9.08
5850511,Makaha,US,21.4694,-158.2175,71.38,83,75,13.8
4026082,Lázaro Cárdenas,MX,17.9583,-102.2,71.1,49,0,3.0
779261,Kjøllefjord,NO,70.9457,27.3465,33.8,75,75,9.22
5954718,Flin Flon,CA,54.7682,-101.865,-31.0,75,20,2.3
4670234,Alice,US,27.7523,-98.0697,69.55,100,90,6.91
964420,Port Elizabeth,ZA,-33.918,25.5701,73.4,73,90,17.27
5861897,Fairbanks,US,64.8378,-147.7164,11.86,85,90,5.46
1264976,Leh,IN,34.1667,77.5833,26.76,77,90,8.12
1488903,Turukhansk,RU,65.8167,87.9833,-24.2,85,100,4.85
2173125,Burnie,AU,-41.0667,145.9167,57.85,88,100,4.16
2125906,Dukat,RU,62.55,155.55,-27.83,84,74,1.7
3899361,Arica,CL,-18.475,-70.3042,71.6,64,0,2.3
2094027,Kieta,PG,-6.2167,155.6333,79.68,83,100,8.14
2071860,Esperance,AU,-33.8667,121.9,62.6,82,40,10.36
5983720,Iqaluit,CA,63.7506,-68.5145,-26.43,69,1,5.75
3670218,San Andrés,CO,12.5847,-81.7006,80.6,78,40,17.27
3939761,Hualmay,PE,-11.0964,-77.6139,72.5,66,15,3.2
5038108,Moorhead,US,46.8739,-96.7676,13.87,86,90,16.11
5380437,Pacific Grove,US,36.6177,-121.9166,46.9,76,40,5.39
3464343,Eldorado,BR,-23.7869,-54.2836,76.8,69,0,10.16
5072006,Lincoln,US,40.8,-96.667,29.43,77,0,5.28
2123814,Leningradskiy,RU,69.3833,178.4167,-15.5,87,100,6.91
658629,Haukipudas,FI,65.1765,25.3523,30.92,69,0,4.61
122285,Neyshabur,IR,36.2133,58.7958,45.46,38,0,2.82
5219585,Williamsport,US,41.2412,-77.0011,33.78,93,90,5.75
1788852,Xining,CN,36.6167,101.7667,27.0,83,46,4.99
2729907,Longyearbyen,SJ,78.2186,15.6401,17.6,79,75,10.36
2664996,Varberg,SE,57.1056,12.2508,41.0,84,3,5.99
1529195,Shihezi,CN,44.3,86.0333,6.22,93,87,0.76
3353383,Rundu,NA,-17.9333,19.7667,81.23,57,5,7.34
1816080,Cangzhou,CN,38.3167,116.8667,45.16,47,0,4.81
3463174,Formiga,BR,-20.4644,-45.4264,66.47,94,100,5.5
1650434,Bambanglipuro,ID,-7.95,110.2833,79.38,83,100,5.48
2980915,Arrondissement de Saint-Denis,FR,48.9167,2.3333,48.52,57,0,14.97
3868633,Vallenar,CL,-28.5708,-70.7581,71.44,50,0,2.51
3906478,Reyes,BO,-14.3167,-67.3833,73.4,94,75,1.54
5924351,Clyde River,CA,70.4692,-68.5914,-5.8,84,90,12.66
551047,Kerchevskiy,RU,59.946,56.2884,9.45,93,57,7.05
3389822,Salinópolis,BR,-0.6136,-47.3561,80.17,86,76,10.67
2781023,Deutschlandsberg,AT,46.8153,15.2222,52.61,54,20,5.75
1489661,Tevriz,RU,57.509,72.4042,-11.02,90,93,4.9
3421193,Paamiut,GL,61.994,-49.6678,19.74,96,100,23.85
2020311,Mamakan,RU,57.8161,114.0028,-14.55,78,57,2.28
1853514,Owase,JP,34.0667,136.2,43.3,63,100,4.81
4891382,Evanston,US,42.0411,-87.6901,34.16,86,75,9.22
3928317,Lircay,PE,-12.9896,-74.7205,55.4,88,75,4.61
2641434,Northam,GB,51.0333,-4.2167,48.88,90,0,1.99
2157698,Mildura,AU,-34.2,142.15,69.8,37,0,8.14
3838859,Río Gallegos,AR,-51.6226,-69.2181,51.8,76,0,2.3
3131824,Vigrestad,NO,58.5667,5.7,42.26,93,75,4.61
1488414,Urengoy,RU,65.9667,78.3667,-25.38,85,60,3.89
6145951,Shellbrook,CA,53.2168,-106.4011,-16.6,69,90,2.35
1218612,Murgab,TM,37.4966,61.9714,53.6,19,0,6.91
2980080,Saint-François,FR,46.4154,3.9054,51.91,58,0,11.5
5697939,North Platte,US,41.1239,-100.7654,23.27,79,1,3.44
1502422,Kosh-Agach,RU,50.0,88.6667,-18.29,79,75,1.88
3116025,Móstoles,ES,40.3223,-3.865,63.0,36,0,2.3
133595,Gerāsh,IR,27.6652,54.1371,73.4,25,0,4.61
4499379,Wilmington,US,34.2257,-77.9447,50.72,100,90,3.44
5495292,Truth or Consequences,US,33.1284,-107.2528,32.61,24,1,4.41
1299154,Prome,MM,18.8167,95.2167,80.51,31,0,5.7
1633034,Palu,ID,-0.8917,119.8707,76.8,81,60,1.34
2522091,Alcúdia,ES,39.8532,3.1214,62.19,59,40,13.8
3461888,Guarapari,BR,-20.6667,-40.4975,80.6,78,75,2.3
1213493,Teluk Nibung,ID,3.001,99.8164,78.58,83,0,7.43
876177,Luau,AO,-10.7073,22.2247,84.69,48,93,7.09
373141,Kaduqli,SD,11.0167,29.7167,100.17,8,27,7.54
780717,Båtsfjord,NO,70.6345,29.7185,32.0,80,40,16.11
2136697,Lakatoro,VU,-16.0999,167.4164,81.05,77,100,11.83
3514592,Xalpatlahuac,MX,17.4667,-98.6167,57.15,61,0,3.2
2521673,Archidona,ES,37.0965,-4.3887,57.7,58,100,8.01
2738381,Lata,PT,40.1629,-8.3327,69.03,60,100,1.01
2456917,Goundam,ML,16.4145,-3.6708,85.71,11,0,3.58
3948613,Acarí,PE,-15.4311,-74.6158,78.13,55,96,3.56
5233053,Yankton,US,42.8711,-97.3973,23.0,86,1,3.44
2174444,Bowen,AU,-20.0167,148.2333,75.2,94,40,2.3
778707,Mehamn,NO,71.0357,27.8492,33.8,75,75,9.22
108410,Riyadh,SA,24.6877,46.7219,71.6,26,0,4.61
2807201,Wittstock,DE,53.1612,12.4829,44.01,83,87,7.85
4787534,Sterling,US,39.0062,-77.4286,37.06,93,90,3.44
2185763,Okato,NZ,-39.2,173.8833,59.09,80,100,5.99
3577154,Oranjestad,AW,12.524,-70.027,78.8,73,20,20.71
1296736,Shwebo,MM,22.5667,95.7,80.91,21,0,6.69
607610,Zhangaözen,KZ,43.3,52.8,39.61,91,100,12.64
2167426,Emerald,AU,-23.5333,148.1667,80.78,65,75,8.05
3893629,Coquimbo,CL,-29.9533,-71.3436,62.6,82,90,4.61
2219235,Ubari,LY,26.5921,12.7805,69.84,23,0,7.38
2690960,Motala,SE,58.5371,15.0365,44.4,53,40,4.61
552256,Karpogory,RU,64.0019,44.4451,9.81,95,100,4.52
5517061,Big Spring,US,32.2504,-101.4787,48.56,81,1,5.75
2155562,Nelson Bay,AU,-32.7167,152.15,71.47,94,11,5.75
459102,Kalnciems,LV,56.8011,23.6097,39.2,70,0,16.11
1257629,Salem,IN,11.65,78.1667,86.43,25,0,6.51
3663142,Novo Aripuanã,BR,-5.1206,-60.3797,77.58,86,100,1.95
2120048,Ust-Nera,RU,64.5667,143.2,-23.13,77,0,1.83
5392171,San Jose,US,37.3394,-121.895,41.4,81,1,5.26
2121324,Shebunino,RU,46.4339,141.8603,22.26,88,0,10.29
415189,Aden,YE,12.7794,45.0367,78.48,69,0,9.84
3470137,Belmonte,BR,-15.8631,-38.8828,84.2,65,75,8.05
6050066,La Ronge,CA,55.1001,-105.2842,-21.1,69,100,1.14
2274275,Robertsport,LR,6.7533,-11.3686,82.24,73,4,7.29
6111862,Port Hardy,CA,50.6996,-127.4199,38.39,87,20,8.05
4004293,Ixtapa,MX,20.7,-105.2,62.91,100,20,3.22
3988392,Rosarito,MX,32.3333,-117.0333,43.79,56,40,3.44
2084442,Vanimo,PG,-2.6741,141.3028,79.27,84,50,5.1
1855540,Naze,JP,28.3667,129.4833,60.6,92,100,31.61
2206895,Greymouth,NZ,-42.4667,171.2,60.08,75,100,4.72
2120591,Tilichiki,RU,60.4667,166.1,-24.16,86,100,10.56
2454955,Kolokani,ML,13.5728,-8.0339,90.25,10,0,7.96
174448,Abu Kamal,SY,34.4506,40.9171,65.07,26,0,3.31
6533368,Moranbah,AU,-22.0016,148.0466,75.94,79,100,10.78
1805733,Jinchang,CN,38.4953,102.1739,28.53,69,24,5.01
3939168,Huarmey,PE,-10.0681,-78.1522,72.99,65,17,3.94
1337610,Thinadhoo,MV,0.5333,72.9333,83.16,65,92,9.71
1516589,Zhezkazgan,KZ,47.8043,67.7144,9.99,94,100,12.88
2094144,Kerema,PG,-7.9631,145.7785,80.24,80,100,4.74
2637762,Skegness,GB,53.1436,0.3363,48.94,66,20,10.36
6255012,Flinders,AU,-34.5833,150.8552,68.16,90,99,1.01
5321473,Winslow,US,35.0242,-110.6974,38.59,19,1,12.66
5354943,Half Moon Bay,US,37.4636,-122.4286,42.82,71,1,9.22
4946620,Palmer,US,42.1584,-72.3287,32.7,100,90,3.44
3445026,Vila Velha,BR,-20.3297,-40.2925,80.6,78,75,2.3
6324729,Halifax,CA,44.6453,-63.5724,25.29,68,11,7.76
2222230,Sangmélima,CM,2.9333,11.9833,93.38,30,48,2.66
2127202,Anadyr,RU,64.75,177.4833,-29.09,68,0,11.18
1068670,Bealanana,MG,-14.55,48.7333,69.98,90,100,2.98
2636790,Stornoway,GB,58.2093,-6.3865,52.29,76,40,16.11
3945985,Camaná,PE,-16.6228,-72.7111,76.21,64,93,6.58
5525042,Levelland,US,33.5873,-102.378,30.2,55,40,5.75
769274,Kętrzyn,PL,54.0768,21.3753,41.63,70,0,16.4
2409914,Bonthe,SL,7.5264,-12.505,84.72,67,56,7.78
2521804,Altea,ES,38.5989,-0.0514,57.7,67,13,1.99
4568570,Vieques,PR,18.425,-65.8329,75.07,83,40,5.75
1691703,Rio Tuba,PH,8.5061,117.4317,81.57,79,1,9.42
1505965,Igrim,RU,63.1906,64.4162,-6.95,91,36,5.86
3372760,Praia da Vitória,PT,38.7333,-27.0667,62.35,82,75,10.13
3629710,Puerto Ayacucho,VE,5.6639,-67.6236,81.73,63,1,11.25
3833883,Trelew,AR,-43.249,-65.3051,78.37,46,0,11.21
2405729,Masingbi,SL,8.7833,-11.95,101.53,29,11,0.92
3628473,San Cristobal,VE,7.7669,-72.225,71.6,100,40,2.3
6186122,Wiarton,CA,44.7407,-81.1332,32.56,100,90,3.44
64814,Bandarbeyla,SO,9.4942,50.8122,79.59,68,0,15.66
3372472,Vila Franca do Campo,PT,37.7167,-25.4333,60.8,88,40,4.61
610091,Chingirlau,KZ,51.095,54.0814,33.35,99,100,10.85
528242,Mayskiy,RU,47.6931,40.1025,39.2,100,75,11.18
1021360,Ballitoville,ZA,-29.539,31.2144,79.36,57,20,9.22
545788,Kommunar,RU,59.6206,30.39,34.86,87,90,13.42
2659977,Luan,CH,46.3592,6.9759,49.39,47,20,4.61
4005370,Guadalupe y Calvo,MX,26.1,-106.9667,40.77,58,1,4.14
2038087,Chengde,CN,40.9725,117.9361,38.62,69,95,5.08
3039162,Sant Julià de Loria,AD,42.4625,1.4825,51.37,38,0,4.61
2134814,Sola,VU,-13.8833,167.55,82.4,83,40,17.96
60019,Eyl,SO,7.9803,49.8164,82.08,60,0,18.79
4844309,Torrington,US,41.8007,-73.1212,31.33,93,100,8.59
1794903,Shiyan,CN,32.6475,110.7781,39.0,35,100,6.33
2527087,Tiznit Province,MA,29.5833,-9.5,59.74,55,0,8.68
3374210,São Filipe,CV,14.8961,-24.4956,72.37,60,0,14.67
1131461,Oruzgan,AF,32.8333,66.0,47.98,49,5,4.43
1175712,Jiwani,PK,25.05,61.7417,74.86,58,0,14.47
3860443,Comodoro Rivadavia,AR,-45.8667,-67.5,62.6,82,40,4.61
3430708,Mercedes,AR,-34.6515,-59.4307,77.02,65,66,4.0
1789647,Xichang,CN,27.8964,102.2634,57.43,55,73,5.91
3388456,São José da Coroa Grande,BR,-8.8978,-35.1478,84.25,61,45,8.34
6113335,Prince Albert,CA,53.2001,-105.7677,-16.6,69,90,1.86
2960964,Wexford,IE,52.3342,-6.4575,51.03,81,75,6.91
1623197,Tual,ID,-5.6667,132.75,84.2,78,100,16.02
454130,Vilyaka,LV,57.1846,27.6722,35.87,84,94,9.86
553899,Kaluzhskaya Oblast’,RU,54.5,35.5,37.4,81,75,11.18
5914132,Campbell River,CA,50.0163,-125.2446,32.2,77,1,6.26
235191,Amudat,UG,1.95,34.95,91.49,17,2,15.55
2445553,Dogondoutchi,NE,13.6393,4.0287,96.49,9,0,8.77
1830377,Lumphat,KH,13.4878,106.9816,87.03,42,91,0.38
3521894,Paredon,MX,16.0333,-93.8667,75.24,71,0,4.76
511565,Penza,RU,53.2007,45.0046,21.97,95,100,14.16
2025159,Dalnerechensk,RU,45.9339,133.7225,14.7,93,13,9.82
3398255,Independência,BR,-5.3964,-40.3086,81.48,63,100,5.97
3093739,Lębork,PL,54.5392,17.7501,43.3,65,20,14.97
2659853,Losone,CH,46.1687,8.7593,63.37,47,5,6.91
3393764,Oeiras,BR,-7.0253,-42.1311,76.44,86,98,1.54
1927639,Yueyang,CN,29.3333,113.0919,47.43,79,44,0.87
3134327,Tonstad,NO,58.6626,6.7169,41.29,87,69,1.01
2553604,Casablanca,MA,33.5928,-7.6192,61.92,72,40,8.05
5905393,Bonavista,CA,48.6499,-53.1147,14.79,67,100,8.05
4726521,San Patricio,US,28.017,-97.5169,68.34,100,90,17.27
2177069,Ballina,AU,-28.8667,153.5667,76.05,83,96,5.75
2629833,Husavik,IS,66.0449,-17.3389,44.6,76,90,24.16
1529660,Aksu,CN,41.1231,80.2644,33.85,75,100,7.09
2317982,Yuli,NG,9.6989,10.2744,100.83,8,0,6.06
554502,Kadyy,RU,57.787,43.1903,11.84,94,100,6.89
1528121,Karakol,KG,42.4907,78.3936,17.46,88,100,4.65
1524296,Esil,KZ,51.9556,66.4042,7.05,92,100,17.65
2255564,Ouésso,CG,1.6136,16.0517,97.95,25,94,3.18
2399371,Makokou,GA,0.5738,12.8642,82.4,69,75,13.8
3705562,Los Algarrobos,PA,8.5,-82.4333,74.57,94,20,1.14
4699066,Houston,US,29.7633,-95.3633,68.79,94,90,11.5
1796669,Sanmenxia,CN,34.7747,111.1814,43.77,75,93,11.86
1312609,Magway,MM,20.15,94.9167,82.17,21,0,4.09
2016708,Shilka,RU,51.85,116.0333,1.44,82,2,9.06
1626703,Soe,ID,-9.8607,124.284,66.45,100,87,1.59
2123979,Kuril'sk,RU,45.2333,147.8833,18.81,93,98,20.02
2136150,Luganville,VU,-15.5333,167.1667,80.67,79,91,9.86
2170581,Coolum Beach,AU,-26.5333,153.1,77.09,86,61,5.14
884927,Mutoko,ZW,-17.397,32.2268,65.01,91,100,2.64
1489853,Tazovsky,RU,67.4667,78.7,-28.59,85,56,4.99
2516304,Jódar,ES,37.8406,-3.3526,60.03,47,100,4.85
497534,Selyatino,RU,55.5151,36.9775,35.6,64,40,15.66
2209055,Waddān,LY,29.1614,16.139,63.75,43,92,7.67
2315417,Inongo,CD,-1.95,18.2667,82.17,64,13,4.52
5710035,West Wendover,US,40.7391,-114.0733,26.6,54,1,11.5
2128975,Nemuro,JP,43.3236,145.575,21.74,93,77,12.24
1855342,Nishihara,JP,26.1842,127.7558,70.43,78,75,5.75
3463698,Euclides da Cunha,BR,-10.5075,-39.0158,78.98,62,100,7.18
